0.5075220521046637
0.5052157466143
0.3423111208639901
0.36558737844785555
0.37177834304133467
0.5971252163253538
0.6968012504165211
0.695090322726704
0.4322375426731984
0.3514251886531984
0.2440724381789271
0.26264298974968925
0.20493435924645736
0.270175811315689
0.41746468182633056
0.3445518782982685
0.5272283700613201
0.44030919734588286
0.2358877869028657
0.3147774308242495
0.28119198798762124
0.26909275798584376
0.2631548149549073
0.30602022382447375
0.3426369504579722
0.5112016715224612
0.40404544158228767
0.2432494011456764
0.2706545422343095
0.25622774400915677
0.2638720580393208
0.6054793226346634
0.2905098897903581
0.3541247403246747
0.32756284139098335
0.2617291064507028
0.26943693332911445
0.3756304164702645
0.3621406558492805
0.4070814799697887
0.38110100128155205
0.4959504193988982
0.3256534873468992
0.5276265409027004
0.36549125321144327
0.4194301572188634
0.3029428686022762
0.4810396263529328
0.32109939146735
0.38132701390085305
0.6455263181593621
0.3598641049994139
0.4244630531128193
0.5377576932455588
0.3186422840795933
0.2542588065818823
0.2564867644413651
0.49912737171791227
0.29938255782396805
0.25387542838983607
0.3709306877136871
0.339926028589115
0.28782111730928545
0.4703622925344477
0.40255377697165784
0.5132954766443778
0.5258695941921465
0.3096612820180398
0.48463325611253055
0.4554862067526099
0.4449231733290922
0.4878570634274874
0.3725618224129222
0.2720581966817326
0.26434808199316784
0.39095491723375125
0.4641988317440808
0.6912530430675196
0.41665915258572306
0.29143503699189643
0.49689232192947763
0.333177106819026
0.8658522684586295
0.47932119790681466
0.7215535874769542
0.5020057060979407
0.6507607826404422
0.4995057897285377
0.2631615843378162
0.3930361285093692
0.49914703916734887
0.5408675818314045
0.31880578174193464
0.4330059024468236
0.3142469637496332
0.3837616569648621
0.350841103134881
0.35045373016983106
0.3340131836557234
0.32364680253504147
0.329356604032713
0.699253833203526
0.42170655841758814
0.5812284644874185
0.48974073464509715
0.24662040713493477
0.4723044726404409
0.5667178677357076
0.6527219364973254
0.4355022767166603
0.49509755933782973
0.573164501483956
0.5971252163253538
0.3532367915480411
0.6283195854495942
0.5165901166618978
0.4128661844797832
0.7921490309129645
0.5340480888495408
0.6170776627915521
0.4292728225294655
0.5102467548523727
0.5976877231339895
0.5395590909424036
0.41017769603991466
0.5124183474282482
0.5037762547544186
0.25385823059987417
0.3447659955049667
0.43905394887166505
0.5512499053071205
0.4035069099636541
0.36687286746032033
0.4454055188697195
0.5869665665181175
0.4621247850165221
0.44348129156970645
0.519321306479943
0.22015927315630043
0.36432655964554117
0.575328181801331
0.2885945177815861
0.7249942312161168
0.5643210187076828
0.3628479670682107
0.5413230194481631
0.8625703103494805
0.6856693600512501
0.4165089684101633
0.7037713600968939
0.6595002332447792
0.5707192375818464
0.4936616323838616
0.29912508108342933
0.49302742312285475
0.46340938286226413
0.7786356677657278
0.33112277548483227
0.5626485903590636
0.6837795456711763
0.4612191132421186
0.46684263295292194
0.49093849829056246
0.3912001707106649
0.4814896231526066
0.26341127251232654
0.2923440696544312
0.3447659955049667
0.4557605982766173
0.3837227045649772
0.532527844878034
0.37182579705541113
0.44208568516004365
0.46340938286226413
0.4983227619176915
0.3157665055221584
0.37821172428822963
0.8340284269663667
0.5720477387875845
0.4592663631680452
0.2907931923645473
0.39403656158469275
0.6197768894062015
0.3711760212522316
0.6044337087293851
0.227318523528006
0.3894451027847596
0.2943988907822118
0.46782846979007486
0.47184633057430814
0.29658573186728066
0.5326898073184689
0.6093906383834266
0.34992733586195157
0.5348087753476126
0.5792447266364812
0.25402665922927575
0.26943154500726896
0.4501057719039345
0.292035518389607
0.7093089181797145
0.612615505496609
0.3940601342368252
0.28078505813531984
0.6820405841682622
0.47353440742498515
0.534422978475454
0.27989889807686075
0.260818337645783
0.2786652353279716
0.47183080024635954
0.42672153347044056
0.5106722841951725
0.4869660249028659
0.5707200272350761
0.4937901781879838
0.2999340841222784
0.3685295606396814
0.41935829676758146
0.22929752740667797
0.6091313370592868
0.38265282608641626
0.40235778263563904
0.27316141414159256
0.42404274718749785
0.32011115033175847
0.5362276905104858
0.29678222096139467
0.7322189552322688
0.3117168935019798
0.322961418430359
0.45009060489988023
0.35620330063296524
0.3724591592321752
0.6487241259545805
0.4303189252336722
0.40898262652904155
0.391675594394285
0.3411696815639217
0.44177421947080353
0.5197678452577517
0.3263338071142689
0.4641670602693196
0.26011802367277953
0.3478414834885074
0.32771938921008137
0.27415636013706784
0.3967654356000902
0.2252964811309491
0.5738660742095418
0.3682707534615009
0.5566622426684317
0.27163718947959714
0.38933143659067704
0.3396038502657604
0.5095148725037003
0.4508930459833924
0.5532567392076152
0.32583463253062767
0.2074529482086498
0.4435432525871867
0.4835501757326968
0.2301745447567123
0.42144177742226807
0.42723066382253094
0.41544270762566593
0.2540618712740675
0.54027453912441
0.28971497174724825
0.2636145661984355
0.5653213160107716
0.409963748939921
0.5561431527234414
0.5243010528604096
0.30643799628741025
0.4598159399591503
0.2889749662096733
0.5325958679625459
0.28181602864863636
0.28689568942081967
0.40723796128200623
0.5062563310308115
0.2888324061550195
0.38116803773538166
0.5330702303085559
0.44737096779249236
0.2608616047004654
0.3388281930959717
0.3642041015696208
0.3196387313709571
0.3079558766745572
0.3657266086421097
0.46314443373396286
0.39200767597949265
0.414726009810077
0.4749913169871365
0.39439322295675283
0.3638854729633181
0.34182831522832163
0.3221855867239815
0.22802883978217933
0.3407357922662834
0.4948550808068194
0.48437775983499204
0.2849255784678067
0.4267336162992474
0.42156422011722267
0.22930679336651735
0.34757862854544724
0.3025172373560911
0.39926115283218055
0.42650917540134
0.2674043606236627
0.4128727721448571
0.4453428782902467
0.3679230780921801
0.3439961953033987
0.4393186325579113
0.405302708077268
0.32805098540503946
0.49460164122385486
0.48485586506770184
0.36040979346188234
0.40756544873729184
0.32660042110484877
0.43338719234344236
0.4117785488443032
0.5183084489504644
0.3143749469636318
0.6186585979043905
0.313842197716301
0.39202691393933414
0.4596483980477062
0.30931448491175284
0.36250884423814983
0.43955022021784607
0.2864892915399828
0.31863361856976424
0.3159002643422825
0.3566084909403261
0.582344798371621
0.3837576502876667
0.42830504627180155
0.3598641049994139
0.5964560530223177
0.49096724546380466
0.33896693368450115
0.7691951464898413
0.5787838831532429
0.28562606089245973
0.4099906730147006
0.4085579917237118
0.5904383179894702
0.27773248324758354
0.3728968628163585
0.7025286030202299
0.7205113793411816
0.42629098750942424
0.2636446864452376
0.21710566701887624
0.4896622625811937
0.3553256154582994
0.36169949000685636
0.42911041368631864
0.4755583757684999
0.30868334190915636
0.47499416815186385
0.478164485398432
0.28280065805838117
0.43543549389283437
0.3137086358458489
0.24993488637365083
0.39273804756240166
0.296442259377375
0.722545166634985
0.321774686415466
0.2542123773106911
0.46064031265421457
0.47241968418272684
0.2512259956408362
0.34545805836962734
0.4657796496258251
0.42427750824909927
0.5156708256016733
0.24329234042697792
0.299668069290456
0.2830695819459148
0.3858224018943472
0.43107370577302145
0.32936909932157077
0.32761823421842834
0.5957776871166316
0.27520427459036645
0.34581460620727433
0.3552265829387524
0.4235708552268937
0.3329842807463119
0.24925933354452992
0.42123797390050466
0.40538921249972837
0.3694900912755639
0.27920615857915004
0.32129130676607326
0.356946776176333
0.399026201376896
0.37707911557355367
0.4663665343307493
0.4171058493834866
0.31378913136306313
0.3598261508384375
0.676471543606671
0.23222947574866548
0.6368468211140369
0.42571911732361983
0.4157650151266039
0.370674252987239
0.3599176625814496
0.3560091413137779
0.5945341811416116
0.28460320416316337
1.0683645090704268
0.5401024266633307
0.5805975220604522
0.3623073186619407
0.6356768022537603
0.4566010619247887
0.25200486373802167
0.3411188625276968
0.4371034093761554
0.4716398515454348
0.30329322797173747
0.28544225158157294
0.4500296605904051
0.4977145639640403
0.30945717134875445
0.3158220454116711
0.4253337701453218
0.37727534174322197
0.6417390096165572
0.333734777257465
0.3855324441458557
0.4335617833722866
0.4902688142250411
0.2905567285585809
0.2659987142768948
0.37994615518535574
0.2939693206302783
0.3229616966680147
0.4297382357633792
0.5565600100821925
0.3618732511195531
0.7750339048194925
0.2942559260025865
0.4208937468106641
0.6395586985536699
0.2841822461913983
0.4256163122801311
0.36095256508070256
0.48485970324878036
0.27923185124926114
0.28494723065711364
0.34321660039775925
0.36631120844514764
0.6163301029066972
0.38976125595028144
0.508257797858052
0.423249667226299
0.7969821392616198
0.2903642323756095
0.2957555282285299
0.47417337320786435
0.5342569916053267
0.34441044561643475
0.356289134814127
0.2699672456509051
0.36986970928706553
0.2883250340647226
0.3926648236877838
0.3383222536382664
0.4044816396375558
0.45975013797797387
0.3267122242768586
0.4114592096684293
0.44030919734588286
0.5703480017588962
0.35761915084295576
0.36002196407813447
0.3936977690660772
0.301458587192307
0.35702629733483543
0.3076710227156639
0.3587333998356939
0.38282240237215714
0.3799523836919415
0.32583463253062767
0.3349135768321576
0.2672229042132153
0.3498335385321101
0.5756574376191766
0.34708451283817154
0.38456054885619806
0.31929598338618487
0.4547274251753788
0.562951510225561
0.34489796625924307
0.2608616047004654
0.3642041015696208
0.2236114754500934
0.5163709496843918
0.24757760057805173
0.3687059921039754
0.4255983958730841
0.3140683464562996
0.26805788636953276
0.5574374705681062
0.2674043606236627
0.2753201624921929
0.17866929676201004
0.44310574742260417
0.3602521890190892
0.3173920720385936
0.1961643744972421
0.30295034971649126
0.4479659637669233
0.251714063175974
0.32660042110484877
0.43338719234344236
0.3080150054016049
0.4493675379209513
0.5328287054123786
0.41420069686424316
0.3502806172791334
0.35325644393850136
0.4509488596591434
0.4252140865045178
0.39202691393933414
0.5586527918991785
0.35239738227323875
0.5742423764397092
0.4497387018687617
0.33098236766316735
0.5276265409027004
0.22676954138696673
0.528967251954201
0.33224840110835924
0.28889624639688777
0.3566084909403261
0.429243362088622
0.48494784101570526
0.45739824503572235
0.3307082136323047
0.3969100923243761
0.39926416957791727
0.8468692056612279
0.6050436057649177
0.4182170864423138
0.5519104157006636
0.5904383179894702
0.48989215136422964
0.36741620360031707
0.331087480998096
0.34143453194142587
0.48783703204733253
0.5283594715900137
0.47496571828195183
0.2391913926007663
0.3293774623215317
0.35486562871255606
0.3401073301744756
0.4606498788788534
0.3274118681326794
0.4465938087612914
0.42292534699698303
0.27985220373775394
0.31077524350322683
0.3433021037132857
0.3430574952735598
0.3715849500650726
0.24993488637365083
0.3910874674106441
0.40255377697165784
0.5054889332142497
0.501226061030195
0.5561627144403706
0.5069133929447804
0.3115635623599301
0.33165913880332265
0.7114305784211756
0.29156371028772715
0.4684163199008254
0.5167800353696558
0.35790781368270586
0.3860764263432141
0.4235336511769931
0.6846999044457704
0.6429021811076207
0.43973196083566257
0.331087480998096
0.4142265327845306
0.4322949316264971
0.3330459590865429
0.24925933354452992
0.556944436405585
0.4964147000183743
0.4743181030060761
0.45008524411381395
0.31511352089072525
0.36549635346193543
0.6968110959509323
0.29633435314463724
0.39510335028092375
0.42261859862144824
0.5284510799164822
0.32976512293656807
0.3600230033921783
0.4171058493834866
0.30801586275036275
0.3598261508384375
0.32134072105376704
0.3488213308593085
0.28584296238910945
0.43816483323953237
0.5197681991136954
0.45759892871573615
0.426528456494878
0.2769857348824415
0.3260181764299283
0.41299313593281106
0.4765097770366809
0.39845891790183086
0.3263714611041492
0.42597851914407875
0.27306588408796245
0.3442900667802368
0.3902409997425608
0.7733341925454286
0.27582361505626113
0.4139684374327934
0.543253391949382
0.37457395872170995
0.46037715656356476
0.31069453842410394
0.288202783677252
0.38665194880884984
0.382792955947979
0.3898235760387914
0.45889937904128786
0.250589931903155
0.2782207936195335
0.484911957370347
0.36390158882308304
0.5013284224218989
0.5484031616000954
0.6876367395036243
0.5212043041878028
0.588941523523702
0.5174544380100153
0.5762950838811464
0.5381167795249383
0.413628694488457
0.430144211064815
0.5274013860907851
0.7186339401843977
0.4469966774583832
0.30884370032565717
0.648769166851605
0.37985481844113594
0.4616780221468218
0.38814632167034935
0.24956577217528159
0.3278028173883331
0.3853595754880463
0.4672236061958989
0.3976612537714086
0.5370206270632619
0.45284274942684716
0.4872145622779812
0.28174205347505804
0.5186804289448318
0.2669101738770788
0.49517538451105153
0.5491149545106118
0.548241756074345
0.3818715858595051
0.42792071849079444
0.35513636903853646
0.5062563310308115
0.3376952210158282
0.3079558766745572
0.3475420433614728
0.3871791002999281
0.3861035940994784
0.4232108035085065
0.39439322295675283
0.5949018593831651
0.40462481200429895
0.4865290952793378
0.6603951385187123
0.42130529521206234
0.5867839251641059
0.4504064820587638
0.5102244919913779
0.4231009611471264
0.35111269546594714
0.35480322234685113
0.526392658859541
0.32392282064980704
0.2918640250401398
0.30265915750054295
0.25515394997063695
0.33131541821001204
0.3983348273897826
0.3143749469636318
0.6989451797875752
0.37100224593825637
0.660350049648992
0.5219681200023326
0.4407785696687471
0.31348433952746946
0.41931249576075463
0.35180918212391343
0.3817651407741374
0.5344852737625876
0.18725752106117557
0.3591905029971488
0.4612191132421186
0.2505317027901104
0.4814896231526066
0.4436939293397557
0.4983227619176915
0.24618137650309543
0.2707307978557642
0.37821172428822963
0.34366383343939266
0.3894451027847596
0.3472755290158188
0.2336747661341261
0.4769569905930542
0.214473981190732
0.6285305321651335
0.37310423458024855
0.40845110296502624
0.4552354655301085
0.6787959275938806
0.5588311401149785
0.29658573186728066
0.2992860703370113
0.2727723797988383
0.4018374704088237
0.47417337320786435
0.2821457076775858
0.5100344561867545
0.382712155797021
0.8931653915625167
0.3619444429821729
0.31668745094553513
0.36986970928706553
0.2100569904188896
0.3940601342368252
0.5208088115255605
0.44877231378043037
0.42329293086547415
0.3146846001342703
0.47183080024635954
0.3958954875264115
0.26305067011618666
0.4937901781879838
0.389727383361786
0.3326054516772054
0.49183149423622013
0.6091313370592868
0.25597365712070386
0.4872648252926568
0.9129658990184331
0.3980120363693593
0.7505702087928887
0.2893073071943782
0.5542688564136627
0.2512485936090231
0.5129582282178209
0.322961418430359
0.25955131564122996
0.39934439231485075
0.26768805599443557
0.4031353689007641
0.35378481502591846
0.6602712946000252
0.4932459516518266
0.4835501757326968
0.40713789346041823
0.2636145661984355
0.32329156647466734
0.38800630997567914
0.4598159399591503
0.27942474691707664
0.5330702303085559
0.2574622921254367
0.571090922792214
0.5163709496843918
0.4137936559311509
0.3899067437776978
0.3222103491478085
0.3579211367878391
0.3092488795581323
0.22802883978217933
0.4948550808068194
0.2946125431536053
0.2849255784678067
0.22930679336651735
0.34757862854544724
0.5441822540400771
0.42650917540134
0.5416352627503834
0.3745858209682776
0.44495171245809595
0.4136073664337763
0.49310198499921526
0.6703348469284358
0.47170518624464775
0.6186585979043905
0.5025055102940997
0.41671756802511206
0.5742423764397092
0.45094275306410464
0.311070858362219
0.5284574571896187
0.5501853078267434
0.6791715607942422
0.3307082136323047
0.6455263181593621
0.4855411257622869
0.4244630531128193
0.37191112569385076
0.7691951464898413
0.2994835707342388
0.6848702709404393
0.4182170864423138
0.4758824949971048
0.36741620360031707
0.4092127457763038
0.34687900008920514
0.48710854408942517
0.34143453194142587
0.4896622625811937
0.28782111730928545
0.6651522080509107
0.30868334190915636
0.29383547328959775
0.3137086358458489
0.3651314198571182
0.37356649993550173
0.3580484279629137
0.46064031265421457
0.3510024366226521
0.47241968418272684
0.3891205485893386
0.29156371028772715
0.38466998619903925
0.2830695819459148
0.32936909932157077
0.46022755540057725
0.32304580035815356
0.5957776871166316
0.47445920298850586
0.3926220368932017
0.40538921249972837
0.4642641867723118
0.44900905076884806
0.4171058493834866
0.2631615843378162
0.40079940910814027
0.3401618127087631
0.2846448690887253
0.38651996232181846
0.47256558587082986
0.40125394675689746
0.5263472469857952
0.5002862775300696
0.2611922791160805
0.518577968801107
0.41527151026056275
0.405581562852875
0.28544225158157294
0.6049703743519276
0.4977145639640403
0.7100025803894296
0.4549907937063713
0.4335617833722866
0.3639343693808175
0.5418082951984703
0.4925909808177223
0.5446915260652003
0.29350408803327976
0.5565600100821925
0.4500313200829463
0.46487510427801043
0.5936710288358779
0.31374517642401506
0.4995902682702482
0.6157699651809179
0.477920279345364
0.4469003650445072
0.5297161520933977
1.068345541265865
0.9594377752852465
0.7522102318797479
1.0432091382010826
1.2048714293821638
0.6117718055939799
0.6570596746601328
0.7766266908190684
1.095692859887803
0.9478866519464462
0.9228842102992768
0.7896286852993991
0.8863990016156891
1.0757180203129824
1.319130523137016
0.7313416837061952
0.8677562444720672
0.8031136444526382
1.1113513760251759
1.0550701488660308
0.9892252408010763
0.9753573803708584
0.7750121256855591
0.7507644588650281
0.8026711471580864
1.161491077213923
1.3003251505875486
0.8575751934327175
0.920370728749204
0.7439047604802346
0.7719905413740756
0.8029182165040666
0.565122204277941
0.8550365054004356
0.6940275107656061
0.904992710061382
0.6891720281756119
0.7347523183578303
1.0926461540360537
1.0766366852111031
0.9437487048722648
0.8065427656334716
0.9467770510136504
1.9684507975321786
1.9741164120983068
0.8875291435982826
1.417821610238556
1.1652926865020332
1.0120284325983053
0.9766743649176284
1.131127748915724
1.011899177015212
0.8660929784673238
1.0129887985369375
1.5002288739994736
0.956175028830567
0.8609856499889901
0.9072654097048654
0.712698164579415
0.9471998164665182
0.8951879908214354
0.8128995778246293
0.9155033451899047
0.9637653310783848
0.44004260391635835
0.48974073464509715
0.273030196530987
0.4414969335515612
0.4701362479561483
0.4784375871229522
0.3724732950279927
0.6265164105850154
0.2436503832034939
0.4514019203693765
0.2963437447706498
0.5106566346034563
0.23314937611748138
0.36232923482131213
0.5007172488763887
0.490870120549545
0.3892328365834361
0.5727708575914732
0.24639143826828896
0.39396681432656144
0.20469469970983475
0.4998338029153273
0.5847568718595942
0.23680932918868633
0.28833835663080454
0.31110091086430386
0.32984830841594526
0.4588503763712422
0.36124368294515735
0.37821172428822963
0.5023393119094515
0.3286448454211046
0.33683208304966006
0.496008544960447
0.3946450006861277
0.39403656158469275
0.49014616956074636
0.6197768894062015
0.3200409306626647
0.2277000798039602
0.36933762272384524
0.4071136278107001
0.5109604749705591
0.3472755290158188
0.2336747661341261
0.37060319630204286
0.3156256372154419
0.2943988907822118
0.3190613868298719
0.363308551128041
0.37302308623774605
0.4399365693317304
0.26371762122890596
0.4489428159427096
0.3609413719147408
0.275836444482417
0.2911988013310251
0.42266353303683823
0.30413636358416807
0.5344466819017241
0.38049580101296804
0.38562629588859154
0.2491654533244844
0.3948032371977892
0.35761469681721975
0.26374653301050677
0.3275107408264578
0.4015627341902532
0.5348087753476126
0.3619444429821729
0.24871970756414052
0.4276394857188351
0.26878106673043106
0.47587740159748987
0.38829988349875244
0.48420144905279466
0.2765214086372456
0.26433412822420693
0.44697108647652684
0.2826714339528604
0.44877231378043037
0.2786652353279716
0.3724544593418291
0.457900476445194
0.3958954875264115
0.30126203993901846
0.5096761963933122
0.3745006044272816
0.4268230285659362
0.37985481844113594
0.3490088791133867
0.49313018140516207
0.2999340841222784
0.3571372100649078
0.31858330225814896
0.3408534795416271
0.3328384708216659
0.6078680519991998
0.3174776311341732
0.23522172752561624
0.281457872375859
0.27147508870193876
0.40602672259888983
0.4672236061958989
0.40486835725342973
0.4345842706129523
0.23741223462678224
0.7266204674237738
0.33013815216680953
0.2937489850980337
0.2802269124519991
0.568550800711015
0.3019583991209809
0.2961665890686728
0.3393876726006688
0.2140945874657044
0.38379810455938784
0.3818667642343679
0.4075032471722223
0.5472600060587617
0.32342153472363444
0.47432675653121503
0.4626408240948941
0.46118336398082643
0.40654547466228724
0.4843732642514421
0.2434640410709005
0.2300389168006664
0.6602712946000252
0.603468676121425
0.2493731888232907
0.275102729661925
0.44126720109107703
0.28400003261837997
0.3191260009609902
0.2452959863852421
0.24220189182422688
0.3063310216293226
0.4938272022329277
0.3736128277019271
0.548241756074345
0.409963748939921
0.2667086396282114
0.3818715858595051
0.209525335232902
0.23206617497205986
0.3034698640858605
0.41131445347042
0.2419546775005962
0.4765519040457867
0.49112440297513255
0.4515996685468826
0.4439489495704688
0.48774199926313955
0.39751567040680136
0.35766650071258793
0.38809521282411313
0.513482391090872
0.7037587997658511
0.3677564881635016
0.3368686449942002
0.34757862854544724
0.2323858822225198
0.2304286336300433
0.2508078554514186
0.366356958544087
0.48485586506770184
0.35761750817073357
0.30295034971649126
0.44392937291279305
0.3890271594528557
0.3442515340611613
0.4222997512843177
0.32392282064980704
0.2907906539006102
0.40839859686786467
0.5183084489504644
0.3661200256470835
0.6186585979043905
0.35325644393850136
0.5341169054254593
0.3926561356020398
0.5025055102940997
0.3231621044524794
0.43955022021784607
0.5683788325073652
0.30608927674781367
0.5088672753080711
0.2542785568366117
0.43656921714297386
0.3010258758884727
0.4803475063636066
0.3625555585825453
0.3468265855903812
0.444219453683044
0.29679765459347396
0.4352579744357216
0.47173675494843714
0.2967947976655333
0.2977283147270199
0.3597028218353039
0.317715786643406
0.29383547328959775
0.37032175102448983
0.28610503450030017
0.4446482427223029
0.5045508935542627
0.7254330820288689
0.4893815332084512
0.5048504794862675
0.4094683590039636
0.45018930052057843
0.2924498782352518
0.522313009582832
0.6453071497414236
0.5265811254918782
0.3404706012739693
0.3398252262809502
0.3589886422805839
0.24598576598875269
0.3716829366562673
0.5583513347351523
0.28084827465531415
0.5481184608926436
0.22798019363575125
0.4720980923074322
0.41220615788687637
0.5478916809445645
0.4489096041663745
0.4044827552576765
0.3101864271671293
0.28460320416316337
0.40545072965977197
0.25419909729932766
0.3938638114579327
0.26437788612321766
0.5522552461429793
0.5260025630379946
0.5161887556618497
0.5728408887056969
0.2656248530000162
0.24171426375317276
0.5883324206551039
0.3196235952339504
0.34613166634737585
0.4783857262925234
0.4075948641520417
0.26062689899264746
0.3470259986144134
0.47306916493284856
0.2531173458865578
0.301458587192307
0.29431792834181175
0.2806798521282138
0.27163718947959714
0.2866405594118258
0.4586311818717897
0.3483724276825313
0.40713789346041823
0.42723066382253094
0.2685039712759779
0.40286706003806577
0.562951510225561
0.41063660551055864
0.32760961660110827
0.35482039070739835
0.27122018960435135
0.5617497103595873
0.3449316262353722
0.6269732329963286
0.4259001579955679
0.3250687407206739
0.2946125431536053
0.26805788636953276
0.46006967882229033
0.41729538140661115
0.2753201624921929
1.5724008882865212
0.3173920720385936
0.6395367829040419
0.399509807435335
0.41604474347208115
0.42242687537125306
0.387736436903746
0.43718829805552
0.22299725662724537
0.33017515452190077
0.2703057000262293
0.28838435807619206
0.2728275455355983
0.493420088004778
0.626717511589423
0.27637888249372944
0.2992578555845657
0.27888338882226305
0.3972176557009774
0.3323396720586275
0.32395341366560365
0.37635382994313493
0.48129582198459764
0.29622189745515315
0.29412509050479885
0.33655632403182
0.27187403253461306
0.33858131210124
0.24884437063430417
0.47769196382928664
0.44635818726142046
0.29198081126833225
0.3004773923388339
0.40630462722219685
0.35741876427347946
0.33641329188941294
0.46140821877718957
0.4501522513347783
0.3611458552505294
0.3544372333218052
0.3174916144553666
0.34125821974709714
0.3234589815908249
0.341125451411911
0.3777969370006409
0.3342735718424143
0.2636446864452376
0.38897585872762075
0.5166474473589057
0.29329883769788406
0.25647657969502125
0.30868334190915636
0.31077524350322683
0.38947070796558414
0.3716777463519939
0.38095863266468843
0.25643740452430236
0.29919330448600157
0.32935545274754
0.3910874674106441
0.24487361034537716
0.6539270310992854
0.6573594301966176
0.3970436299539371
0.3809649709848864
0.38083230417106434
0.3241379615638806
0.4966605852417011
0.32497516327461384
0.3161117325605734
0.33165913880332265
0.37863281633587387
0.712063798655158
0.2578574006077105
0.4543358866079418
0.6071982181386938
0.6388293824655693
0.32003982062132186
0.20785529665024788
0.41358601163249503
0.3868438619900103
0.44312167677134445
0.34031827141897125
0.27391391665114706
0.3301837274231737
0.275434990956105
0.44229257054708043
0.29377273554677114
0.3666778564051377
0.42253455476360413
0.34990754355261283
0.2978516881592825
0.7841937232555011
0.4047684736023052
0.556944436405585
0.4199760693497777
0.31874928981624917
0.42526498859701783
0.3565998051580398
0.5481184608926436
0.32492921734081864
0.40577624488224573
0.33065165996338913
0.8957178150234666
0.2837975728929137
0.31760040724709887
0.4419021504650156
0.3056084087281793
0.4024972842935475
0.3587336141278931
0.33591911064886587
0.30932167946027894
0.35203813533807116
0.32134072105376704
0.41524989000809387
0.2846448690887253
0.42724830179708784
0.29303868758197194
0.42723549288986346
0.5996561875468079
0.3111683099076314
0.49863545298787826
0.5197681991136954
0.32670022013869326
0.46979587590573485
0.3044188292967038
0.5002862775300696
0.2859424017718533
0.27093805385718983
0.47769860970507144
0.34307603830674877
0.47385228309441463
0.7173623357390227
0.321570685896692
0.2838473227747323
0.2891929617126692
0.40545072965977197
0.5421861290393173
0.3008206423384224
0.33604774621979183
0.3834757051852387
0.3369520578893421
0.30329322797173747
0.37309185567176806
0.48917464138412414
0.3041181845379001
0.3062222671310063
0.3664973356173598
0.4139684374327934
0.38437880869710056
0.4781672540955212
0.29452437969343304
0.304075152843202
0.27629181094830785
0.480838273514025
0.5504443232484969
0.41587023657929045
0.39784070061098764
0.288202783677252
0.26729673739035426
0.33399283334484525
0.31131327506335
0.3734125037352539
0.378529672269502
0.62106201378599
0.42066402915109286
0.6803643300680008
0.45291780159174994
0.3897184254687136
0.4015090339664036
0.32408130628953014
0.3654141635934346
0.659173597557593
0.6458271517321622
0.5186410041483929
0.4230411435265706
0.3222207702632412
0.392611586043788
0.27973114881270933
0.42020075199075785
0.7056361316630074
0.34901464210540223
0.31996090429517043
0.32277479256588765
0.5371570709902861
0.2879877822792744
0.2436503832034939
0.4104824240028007
0.3904942719067724
0.6431803253238421
0.4001093082722089
0.3395444825374301
0.44208568516004365
0.3763029262260743
0.6293019677392754
0.28399968951343296
0.30351294251029454
0.2707307978557642
0.2944984745177898
0.2626197806760148
0.3760553671491304
0.37136892318416015
0.6028458662123408
0.34262956337288375
0.40602900506307615
0.37302308623774605
0.2992860703370113
0.42322536876858535
0.37303681711630093
0.3275107408264578
0.29518356282578134
0.39674513098192815
0.2585438070695328
0.35953068893755386
0.27675762606876464
0.2876410532083281
0.3135311255115256
0.4042662067210506
0.30984245066672916
0.2961665890686728
0.29796740789802756
0.3651384064401866
0.3967654356000902
0.4031353689007641
0.40215176996587193
0.4422428474329196
0.4100943073640685
0.28400003261837997
0.30602022382447375
0.3093398710053791
0.31468784134073785
0.3307135396621271
0.36374888219438584
0.42890989107799943
0.2432494011456764
0.42082679285558267
0.31375724409960043
0.2994749375057315
0.34423459679875884
0.5117755586193075
0.2905098897903581
0.3025172373560911
0.3723104369200505
0.38348691964588233
0.47730360463746335
0.32756284139098335
0.5336124370390829
0.35187772366641756
0.366356958544087
0.3617932597311767
0.4170062201403545
0.6142775946854492
0.3193843924946999
0.3722038147121945
0.3755701457877253
0.38110100128155205
0.5713673509114202
0.30931448491175284
1.0090316120213312
0.29335172790879216
0.36250884423814983
0.3323396720586275
0.36549125321144327
0.5511149006349578
0.41187703471826526
0.5727880380113473
0.5568899045353021
0.28849689079072616
0.32109939146735
0.3780410832904548
0.37191112569385076
0.49884735637819444
0.4268251438918877
0.2994835707342388
0.3468265855903812
0.327058477445202
0.2910395621540288
0.2477747144977867
0.3161617065783826
0.46982786885915245
0.3532933871421902
0.3606615627174445
0.29264476246598825
0.29324949242684323
0.34079039633980446
0.3580484279629137
0.8856214358893968
0.3032097139729852
0.27300970688369103
0.3280518697714666
0.338726637453357
0.39095491723375125
0.41289163318749234
0.3868438619900103
0.4598363986003044
0.6944439732600491
0.3238246676261333
0.40538921249972837
0.32129130676607326
0.41775305567920373
0.2588877810679359
0.44900905076884806
0.45758587074326146
0.36926350507823874
0.3402713276924439
0.3587336141278931
0.38366423008824935
0.3138144871110081
0.3669389242057398
0.45586965093933696
0.5490625902107679
0.2488535416062308
0.2875501906646187
0.48498171870611473
0.32654753314989604
0.4143138052871955
0.37875163520439364
0.35195568343188866
0.2560969572361085
0.43203833752775234
0.3514300848155158
0.4526982049616692
0.3190351809537352
0.38045091666215813
0.4784116409054075
0.33672919527617007
0.5606354901774498
0.5111162639765366
0.36158060389783503
0.32072078327080156
0.3928506321167745
0.2691836843594486
0.5081195709966467
0.35242743921996933
0.35964472000727643
0.49301326940211443
0.4125847900160496
0.28216171363354564
0.2518014197567209
0.31328621782930727
0.5823868592865759
0.4869075836805939
0.33789434670441676
0.3351073013312256
0.297956162550547
0.3729852463096398
0.2702375887049076
0.36095256508070256
0.24662040713493477
0.486451633031142
0.5276637185741639
0.423249667226299
0.4403724915097294
0.5371570709902861
0.6221706838164787
0.2879877822792744
0.3724732950279927
0.43965710056782453
0.4104824240028007
0.6079984884619731
0.8293704935531852
0.2963437447706498
0.5727708575914732
0.4900694307747159
0.46685810758932683
0.570803222197159
0.6135567885237473
0.47414699442503033
0.6615347055743499
0.5974903297481308
0.49510006037562543
0.4919252525656817
0.32984830841594526
0.5566277435321437
0.3510042557897925
0.4403861716067766
0.5805372414754685
0.30738522835349646
0.3760553671491304
0.3514251886531984
0.5970192319294627
0.9201076402076982
0.26264298974968925
0.2991640520832935
0.32453422759433076
0.4711841110118064
0.19289337846299462
0.41826515628744376
0.3046256664363074
0.32139139346826545
0.3724544593418291
0.4159382053438925
0.4183855352418771
0.5044506660099833
0.6948469308022853
0.5892117151793259
0.494715482584091
0.4000295592172201
0.41205027669684924
0.406183792329727
0.2802269124519991
0.5206979330432009
0.39845281519547704
0.3147774308242495
0.4641670602693196
0.3317279102279175
0.2675244528030593
0.2631548149549073
0.40512720764384985
0.4100943073640685
0.41503184757345
0.2493731888232907
0.28400003261837997
0.38375675603391757
0.242390765001427
0.41237233640960963
0.37162650374293504
0.5008291231830322
0.5173597995924671
0.254761349778316
0.3582369686206796
0.34423459679875884
0.3563622324412733
0.316912583960425
0.22930679336651735
0.7902193665921818
0.28346052368087965
0.4107510598097094
0.6163608483128632
0.3034898079128571
0.4643863016276342
0.40756544873729184
0.6476977648396115
0.4117785488443032
0.2532771506009976
0.40839859686786467
0.5926958800455397
0.3388965515940153
0.37870929643403983
0.41671756802511206
0.23807213968115093
0.30931448491175284
0.43628151786595465
0.2198767570407336
0.8037016347154373
0.4194301572188634
0.5503916984389395
0.3579010206537238
0.24884437063430417
0.2542785568366117
0.5964560530223177
0.4457775332645281
0.6165268499873569
0.8586705989056587
0.28217311378786036
0.3325196622642736
0.5916857742162086
0.341125451411911
0.4307173733626057
0.48566994806431374
0.395866851914691
0.596205008285294
0.9253180102986989
0.29335554669022296
0.3948032371977892
0.2959770084330614
0.6008212135413674
0.2525691363875802
0.38128393123450227
0.2638104931486908
0.42274976013787025
0.2766053260902907
0.5959204449405056
0.4361976959101403
0.4265371060713424
0.28889659136665496
0.21405421483232806
0.32371152280973653
0.4962902638394276
0.46698634832037345
0.35708460957579546
0.23292395702670726
0.2372968257637841
0.265283768868931
0.553267260968202
0.3157707384541584
0.30862413665038124
0.30732860230218956
0.27895565988755294
0.24634297660861781
0.5618313459955883
0.4094355994667138
0.31929598338618487
0.30458332854956693
0.3841629389636563
0.3939780022971545
0.3052471086195476
0.2419546775005962
0.5867395281161978
0.4061242659962357
0.43507191467056205
0.6064555547803723
0.3687474122143539
0.2423151874434695
0.2963618167901021
0.30929143953330035
0.4865290952793378
0.4032740705630101
0.2993923783964859
0.48062197926699174
0.4223534380069806
0.36641873568168054
0.4117014930327012
0.39481675060856025
0.30927802288537926
0.26035688404813534
0.3489512413651155
0.40482768011265463
0.2102666773652884
0.28312186673348866
0.5331283173698774
0.3051078000620186
0.2929076903505588
0.3309446219964645
0.27243935383545625
0.37467994743992294
0.35285189686368357
0.2430524265393416
0.3807638561846773
0.35611053694382505
0.5936753311057323
0.34861042072110476
0.5340777355172613
0.4027616120792171
0.4840493107868934
0.3244491113231311
0.4099906730147006
0.6964761294070472
0.34660397958103806
0.5883100199012309
0.21060327056396388
0.32584980629013444
0.4900435887300576
0.4584303413732333
0.2233386364591814
0.2946648008717687
0.2926299190656277
0.35229566750348706
0.3498861470930812
0.5447762237434405
0.47092505596915935
0.22282501445392786
0.3213273233858059
0.27214726305019354
0.37346589869255603
0.6609916633597975
0.4051411980898416
0.26652286584908064
0.6442634299117086
0.533795605561873
0.3773015705335425
0.43737051079008576
0.5049550770397188
0.3230303648016643
0.2933197778087944
0.22574911007112639
0.36402893364369554
0.40346614204690223
0.2552726068463257
0.28758493277613334
0.35148287498019065
0.6817710443072506
0.36050080963631814
0.22684732694574694
0.2313928924084145
0.3042582898422287
0.34527382801831474
0.21865577144130466
0.24519552935398037
0.6522456741494659
0.2691846260165542
0.3731121861034491
0.5295832183445583
0.5333558424371866
0.2604184289636622
0.3445686732842004
0.6289932589190059
0.36778195021333865
0.584727260451298
0.5113796973214397
0.2926154613680736
0.25901378641341494
0.6049703743519276
0.38001810167063926
0.33831479637485024
0.4266834622133387
0.557576949115874
0.5344904915937977
0.35893889507086973
0.35956716804716604
0.660676166082945
0.3086442732184024
0.36897527716782486
0.27073431596446734
0.2716429697147545
0.46515791028958137
0.3469485128785695
0.41986544135738824
0.487717951778203
0.5090449477582946
0.4986363204638793
0.4920801395014018
0.5384843866401667
0.4625807888192526
0.32290685047284806
0.3975099062870542
0.4445621577370725
0.4796087838255405
0.4335300487529191
0.3951902584781284
0.4208112063393516
0.371982721702981
0.3708433579561998
0.29644376487991303
0.27260010713614546
0.37283768536543266
0.46481209069628104
0.46435350006239295
0.3221932780337332
0.567359102028061
0.2390077446852298
0.32545417346486905
0.3387386861289637
0.41883749912395574
0.40186630948260865
0.35620330063296524
0.440637886223602
0.5087387958665742
0.4350574630416342
0.301458587192307
0.40603901531389286
0.2666777186451238
0.27415636013706784
0.3253339733358496
0.36781819576463204
0.25749217146992853
0.242390765001427
0.3216384122581417
0.6170071308916665
0.3629650005710772
0.37696489359528157
0.27122018960435135
0.29343368278055343
0.24757760057805173
0.555288785347905
0.27098662268424895
0.34438977099695217
0.2674043606236627
0.3396703576499767
0.1961643744972421
0.414092683151203
0.3127773691059766
0.27637888249372944
0.27899117381642735
0.28889624639688777
0.3609973984957097
0.26897710057572216
0.5048053871525958
0.6050436057649177
0.3552283820290388
0.43122466416320554
0.32413092562966217
0.34261482874725835
0.37414628519881504
0.4606498788788534
0.9603068394963862
0.35005175804789945
0.25643740452430236
0.32918271763817786
0.40660496088123066
0.2600223287778067
0.3678920663247481
0.5167800353696558
0.8726531651577254
0.4643199099174252
0.2897244521530327
0.22906836032780395
0.3056084087281793
0.5290385789099088
0.3574640208220222
0.5197681991136954
0.3263714611041492
0.25814057876540825
0.3782380891948626
0.5022886111468308
0.4454934563527335
0.41317114534341
0.32490042381496465
0.31049553568837057
0.3135420913895557
